0.08615417331865671 0.011318062508435922
0.22774029222563108 0.010656641393173238
0.3517664437005983 0.09425009465287548
0.48457257889156913 0.13571611072509615
0.6170268380492203 0.17016936702395746
0.8822872323978422 0.24608863939503767
1.0143896155221737 0.2735291359205405
1.146843874679825 0.30798239221940094
1.2785943817708372 0.32841012897154354
1.4103448888618493 0.34883786572368614
1.5424472719861804 0.3762783622491881
1.673845903043873 0.3896933392279722
1.8059482861682046 0.4171338357534733
1.9369950411925778 0.42353605295889807
2.06804179621695 0.42993827016432373
2.199440427274643 0.443353247143107
2.310464082633771 0.48492102030998296
2.425710250392735 0.6106419107571686
2.5627388979835413 0.736261044109698
2.6997675455743466 0.8618801774622273
2.836796193165153 0.9874993108147567
2.973824840755959 1.1131184441672861
3.110853488346765 1.2387375775198155
3.247882135937571 1.364356710872345
3.3849107835283774 1.4899758442248743
3.5219394311191827 1.6155949775774037
3.6586162026766695 1.7342013511565741
3.79177421390096 1.7826801270021537
3.922469092892013 1.7820695844342191
4.053163971883066 1.7814590418662846
4.183155098807481 1.7668229797516322
4.153631346242608 1.612644021832387
4.1016213617792525 1.4445413014610802
4.051194819465836 1.3079960000698891
3.99971264905246 1.15041241935862
3.947702664589105 0.9823096989873132
3.8972761222756884 0.8457643975961222
3.856118806701525 0.6334202363958594
3.9940487982853727 0.6033153999419536
4.126151181409705 0.6307558964674556
4.257549812467398 0.6441708734462388
4.390355947658369 0.6856368895184604
4.526680843182536 0.797230503324271
4.659135102340186 0.8316837596231323
4.7898299813312395 0.8310732170551978
4.920876736355613 0.8374754342606225
5.052275367413305 0.8508904112394058
5.182970246404358 0.8502798686714712
5.314017001428731 0.856682085876896
5.445415632486423 0.8700970628556792
5.576110511477476 0.8694865202877446
5.70680539046853 0.8688759777198101
5.838204021526223 0.8822909546985933
5.950107366968649 0.9413906272988681
6.063770092577675 1.035554098765937
6.199743112068522 1.1401349527983884
6.334660503459411 1.2236775275107634
6.470281646916939 1.3212456217698563
6.605902790374467 1.41881371602895
6.741523933831993 1.5163818102880438
6.877145077289521 1.6139499045471357
7.012766220747049 1.711517998806229
7.148739240237896 1.8160988528386812
7.2836566316287845 1.8996414275510562
7.419277775086313 1.997209521810149
7.555250794577159 2.1017903758426013
7.690520062001367 2.1923457103283353
7.826141205458894 2.289913804587428
7.961762348916422 2.387481898846521
8.09703161634063 2.478037233332255
8.233004635831477 2.582618087364707
8.368625779289005 2.6801861816238
8.503895046713213 2.7707415161095343
8.639164314137421 2.8612968505952683
8.910758477085796 3.0634457988868133
9.045675868476684 3.1469883735991884
9.181648887967532 3.25156922763164
9.317621907458378 3.3561500816640923
9.452891174882586 3.4467054161498263
9.588160442306794 3.5372607506355602
9.72413346179764 3.6418416046680124
9.85940272922185 3.7323969391537464
9.995023872679377 3.8299650334128397
10.130645016136905 3.927533127671932
10.266266159594432 4.025101221931026
10.40153542701864 4.115656556416759
10.537156570476169 4.213224650675853
10.673129589967015 4.317805504708304
10.808046981357903 4.401348079420679
10.94402000084875 4.505928933453132
11.079993020339597 4.610509787485584
11.215262287763807 4.701065121971317
11.350531555188013 4.791620456457052
11.485800822612221 4.882175790942785
11.577944975414393 4.98170058933453
11.709959389530397 5.0073878959166915
11.84065426852145 5.006777353348758
11.971349147512504 5.006166810780823
12.102044026503556 5.005556268212889
12.232738905494609 5.004945725644954
12.363433784485663 5.0043351830770195
12.494128663476715 5.003724640509085
12.62482354246777 5.00311409794115
12.755518421458822 5.002503555373216
12.886213300449874 5.001893012805281
12.994070071509128 4.980345948011925
13.008463154641259 4.832976235676728
13.021800609673429 4.664568244021454
13.015466841073676 4.53833856810099
13.009133072473924 4.412108892180526
12.984183708342206 4.34909581131495
13.022470527506096 4.243700900525251
13.016136758906343 4.117471224604787
13.029474213938515 3.949063232949513
13.023140445338763 3.822833557029049
13.01680667673901 3.696603881108585
13.010472908139258 3.5703742051881204
13.023810363171428 3.401966213532846
13.017476594571676 3.275736537612382
13.032925305803765 3.149405104597262
13.026591537204013 3.0231754286767982
13.011589437860366 2.868928632694449
13.035706479836348 2.7706143197412145
13.029372711236595 2.64438464382075
13.023038942636843 2.518154967900286
13.037432025768974 2.3707852555650897
13.03109825716922 2.2445555796446257
13.016448033858895 2.097321543435636
13.0391575717016 1.9709561913889644
13.032823803101847 1.8447265154685004
13.026490034502094 1.7184968395480364
13.041938745734182 1.5921654065329163
13.03560497713443 1.4659357306124523
13.029271208534677 1.3397060546919883
13.045775547866725 1.2344129009969453
13.17647042685778 1.2338023584290108
13.437156432773245 1.2185557537464238
13.5660919315977 1.1828814123116942
13.669550252240459 1.073674850351349
13.72979548925285 0.9716845623536745
13.860490368243903 0.9710740197857399
13.990481495168318 0.9564379576710875
14.12117637415937 0.9558274151031529
14.250815625050464 0.9341785932151412
14.3811586280082 0.9265552908738472
14.511149754932612 0.9119192287591948
14.640437129790389 0.8832576470978237
14.769372628614843 0.8475833056630933
14.805548191578815 0.7001118362332406
14.799214422979063 0.5738821603127766
14.79288065437931 0.44765248439231264
14.786546885779556 0.3214228084718487
14.79988434081173 0.15301481681657414
14.816916494193757 0.0
